143618
143708
150980
150981
151031
150984
150982
150986
150989
150987
150988
150992
150993
150994
4271
150995
151002
150996
3325
150997
150999
151003
151004
151007
151005
151006
151008
151009
151011
151010
3326
3327
151012
151013
151016
151014
151015
151017
151018
151023
151024
151022
151025
151021
151027
3328
151020
151026
3329
151028
151029
151032
151033
151034
151037
3330
151038
151039
3331
151040
151041
151042
151043
151044
151045
151406
151407
151408
151410
151411
151412
151415
151413
151414
151416
151417
151418
151419
151420
151421
151423
151424
151425
151422
3358
151426
151427
151429
151428
151430
151431
151435
151434
151436
151438
4277
3359
151440
151439
151441
151442
151443
151444
151446
151445
151448
151450
151447
151449
3360
151451
151455
151454
151453
151452
151457
151456
151458
151459
151460
151461
151463
151462
151464
151466
151467
151468
151469
151471
151470
151472
4278
3361
151473
151475
151476
151479
151477
151474
151478
3362
151482
151483
3363
151484
3364